private/open key: 63.8842
ciphertext: 0.0190879
plaintext: 0.528481
